12
4
)
5
()
6
()
35906
))((())(()))
784
((((()()(())()()((())()))))()((())()))(())()(()(((())((()((()())(()(())())())((()))))()())(((()()((())())))())(()))(()()()(((((()(((()()())(((())(((()(())()))))(())(()()))())(((())()))()())))(())))()()())((()())))()))(()((((()())())((((())()((()())))(((()()(((()(((()(()((()))(()(())((()))()))))))())))))()())())()))())(())(())()()()(())(()()())))(((()))))(())((())(((()((()())())())())))())))()))))((((()((((((((((()((()()()())))())(()(()))(())))((()(((())))(()((()((()()(()()())(())(()()))))()(((()))((()(()())))()))((((()()(()))(())()())))()))(((())()(())()(())(()())()(()))(())()))))())(())))()(((((((())))))))))))))()((()()()())))
4724
((()((((())()()()()(())(())(())))))))())))((()()())()))))))
80142
())))))()(()())(((()()))()))(((((()(((((())((((()())(())())))(((()(())()()))()()(()((((((()))()(()))())(()((()()()))()()(())(()))()))())(())((((()))(()))))()()()))))(((((()))(()()(((()(())(()(()(()))(())()()()(((((()(()(()()()(()))))()))())()(()((()(()()(())()))())))))((((()))(((()()())()()(()(()()(()(()(()()()()))(((())())((()((()()(())))()((()())(())(((()))()()))))))()()()(()()()()))(()())(())()(()))()(()((((((()())(()())((())()())))))((())()))()(((()(()))(((()))(())(((((()((()()(()()()))(())))))((()())(())()()(()))))(()((()()))()))()()()))(((()(())))())))(()(())(((()(((())()(()())()))))())((())(()(()(()((())))()((()))))((()))(()()()))))))()()(((((()(()))()(()())()()))((((((()())()))()(()((())))))))(()())()(()())())))((((()((()()()()(())()()((((((())()))())()()()()(()))(()))()(()()))(((())())()))))((())()(()))((()(()()()))()))()()))((())(()()(((((()()((((((()()()))))(((())((((()))(()))()((()(((()()()(()(()))(((()()()()(()(()))(((()()(()(())))())(()((((()(()(((())(())()((())(())(()())((())))))())((())((()()))(((()))()())))(((()(()))()))))()((())())((()))))(((()()))(()()())(()())(()))(((((()()())((()())())((()((()()())(()(())((((()))))()))))()())))())))()())(((()))(()))))(()()))))(()()())))(()())(((()))((((()(()(()(((((()(()))(()()(())(()()(()(())())))())()()(())(()))))()))()))((((()()()((()()(())())()((((()((((((()(()((())((()((((())(((((()(()(((()))()))((((()()()())((()()((()))()))()((()(()(())))()(())))())))))(()((((((()))(((((()))(())))((())())(()()(((())()))))(())(()((((((()(())())))()))))()))()((()))()(())))())()()(()(()))(((())((())()(())))))))()(())()()((()(()())()(()()())((((())()()((())))((()(())())()()())()(())(((())()()(()((
2662
(((()()(()((()()())()((((((()(((((()((((())((()(((())(((()((())))))))))(()()()((()((())(((()((()(()()(()))())(()()()()))()((()(()))((())))()(())())()((()()(((()))()))()())((((()))))))))())))))))((())())())))()))(())()()(((((((())()(()((((()))))()(((()(())((())()(((()))()))(((())())))((((((()(()(()))()()(((()))(())())()()()))()(()))())))))((()))(())))(())(()())))(())()(()))))))())(()))())())()))())()())())()))(()))))((())()(())))))(((())))(((((()))()(())()()))(()()((()()()()(()))())())((()))(((())))()(((()()()())()))()((()))(((()(()()()())(()(())((())))()))(()()())))))(())))()()))((((()(())(((((((((()((((()()(()))))())))()(())()))(())))()()))()()((())))((((()()))((()))()((()((()()))()(()(()(()()((()())((()))()((()()))())()((())(())())(()()))()((()())())((((()()))))()))((((()))()))()((()()(()())))))))(((())()((()()(((()(()))))))(())(())((()(()()())((())(()())))))()()())()((()))())(()(((())()(()))())()()((((((())())))()(())()()))())((()(((()())(((()((((())())())())))))(((()()))())((())))())())(()((()(((())))(()(((((())(((()))(((())()(
1165
()()))(()((()(())))(())))()
86832
((())())(((())()(())()(())())()))())()(()()))(())))((())())()))()))())())(()(()(()()()()())((())))))))((())()))()(()(((()))()))(()((()()())))))()(()(())()))))))))())((()))((())(()))(())(())())(()((()())(()))(((((()(())))())((()))((((())()))))()))()))))((()))(())(()()(()()()())(()))(())()))()(())))()()(())()()(()))()))(()((((()())()))()((((()()))()(())))()(()()))((())))))(())))()()())))(())))(())(()))(()(((()())(()))(())))(((())()))()(()()()()))()()((())()(())))((()((())(()()()((())())())()))(()))))())()))))))()()))))())(()))))())((())(((((()(()())())(())))))(())))()()((())((())()))((((((())))())()())(())()()())())))))())))((()((()))()())()((()()))))(())))((()(()()()())()(())(())())((())())(()())(()))()()()))((()()(())))(()))))()))(())))())))(()))((((())))())()(())))(()()))())()(()()))))(())(())(()))())((()((()(())((())))()(()))()(((()(((())(())((()))(())()()))))((()))((((())))))(((((()()))()()()))(()))())(((())))()))))()((()())))))()())))())((()))(()())((())()))(()(())())(()()((()())(())))((()()()))()))(()(()()))())))))((()))(()))))((((((((((()(((())()))())((())()()())())((()()()()())((()()())((((()()()))))())()())())))))(())()())()))(
1213
))()((()))((((())))((((()(())(()((()())(()()(()))()()()(()()))(((()))))))))(()(((((()((()())(()))))()(()))()()))()(()(()))(()))))))()(()(((((())((((())(((())))())())((()()())((()(()())(())((()(((())))((((((()))((()))())((()(()(()))(((())()())))((((())()())))((()())())(((()(()((()(())())()((((()()((()()()((())()()(()()))()()()())()))))()))())())())))())))))((())((()))))(()()))((()((()((()())((())())(()()()))((()(((()(()()))))(((()())))))))())(())))())))))((((()))((((()((((()()())((((()((()())((((())(()(())(((()())(()()()((()()))(()((((((()))()()(()())(((((()))()())())(()()()))(()(((())(())()()()(()))()((((((((()))(())()(()())())()))()))()))((()()))(()((()())))(((()()()()((())(()()())())()))())()()(()(())()(()()()()))))()))))())())))(((((()()()(()))()()())(())(()()()(((()(())))))))))()))()()(()(()())())(()())()(()(()()(()((())()(())()))((()()))()())()()()((())()(()()(())))()())((((()(((()))((())())())(()())()(((()(((()())(())())()(()))(())(())))(((()()))(((()()()(((()(((()()))()((()(()))())()))()())(
60361
))))(((())()(()))((()))()())(()()))(()())()((()(()))())))()()()())()))))(()()((()()))((()(()()())()(()(()((()))()())((()(()((()()))())((()(())(()))(()))))))((((()((()()()(((()(()())))))()()())())()(((())((((()())(()(()()(()())()()()()()())))((((())())((()(()(()()))((())(())(())())))))(()(())()(())((((((((()(()))(((()))))(())))))()()(())))()())()))(())(()(())))(())))()((((())))))()()())()()(()()()())()(())()(()())(()))()()((((()(((()(()())(()(()())()))(()))((()()())())(()((()(()(())((()(())()))))()()()()((((()()()))(()()))()))))))()))()((()())((()))(())))(())()((((()(((((())))((((((((()(()(()()()()()((())((())()(()((()()))()(((((((()()(()(()()()(((())((())()))()()(()((()())))))))(((())(((((((()((((((())((()((()()(((()(()()(()(())((()(()(()())(())()))(()()())(()()())((()))))()))())((()(())())))))())(()(()()))(()))))()(((())))()()())))(())()))()()))(()())()))()))))())(((())((()(()(()(()(((((((())(()((())(())))(())((())))((()))))()((()((((())))(((((())())()(()(()((())))((((())(()))()(())(((((((())((())(()(())(()(()(())))((()(()(()(()()(())))((())()())((()(()())())))()))(())))()()((()()(()())()((())()()))())(())((((())(((()))(())()((()()(((()())))))()((()((())(()(())())())()(()))(()(()((())()(()(())()()))))(((()))()(())(()(()((())(())()))(()))))(()((()(((()(())))(((()()((())))()()((()))((())(())))(()((())(()))((((()()(()())((((()()))()))(()())()(()()((()))(())(((())())(((()))()()))())((()))))))())))())(((()())))(()())()())((((()))())(())((()((()(()())))()(()))()(())))()()())))()((())())(())((())((((((()))())(()())(()))(((()))()))))((())))))(()())((((()())(()()(((((()()()(((()(()())()(())((((((())(())))))))(()())()((((()(()())()))()())(()()()()))()(()(())()))())()(((((())((((()(())))))((())()))())(()))())()())(()(((()()))))((()()((()()()()())))()))()()(())(())()()(()(()))(())()()(()((()()(())()()))())
